Anne Boynton
7.25
Seal,11.0,23.6,15.2,2.3,4.0,19.7,3.7
Events,5,0,2,3,9,1,2
O2,95,93,98,97,96,97,100
Kamal Solaiman
6.5
Seal,27.9,13.3,15.5,7.5,6.1,15.8
Events,5,6,7,1,6,0
O2,99,91,98,92,98,95
Kyaw Win
8.2
Seal,12.8,23.4,23.4,22.4,16.5,15.1,27.3,16.3
Events,10,7,4,2,7,7,0,2
O2,94,94,94,96,96,93,98,92
Larissa Webb
5.9
Seal,22.4,10.4,25.7,9.4,13.7
Events,5,8,9,9,7
O2,91,99,100,96,98
Livia Villarroel
8
Seal,12.2,22.6,9.2,13.5,23.5,23.3,29.3,5.3
Events,1,3,7,7,3,10,10,7
O2,97,93,100,94,95,95,99,94
Catherine Su
7.75
Seal,18.5,11,4.9,10.7,7.2,24.6,29
Events,2,6,5,1,1,7,6
O2,95,94,91,98,99,97,100
Francisco Valle
8.1
Seal,28.6,11,2.1,1.4,24.6,25.3,28.2,22
Events,4,10,6,5,2,6,2,7
O2,95,94,98,91,96,94,98,94
Julian Thomson
7
Seal,5.9,24,26.1,10,3.6,2.7,22.8
Events,3,4,6,8,3,3,8
O2,98,100,93,98,95,98,98
Monte Swarup
7.8
Seal,6.1,28.4,9.5,23,23.9,25.8,27.1
Events,8,10,0,0,7,7,1
O2,95,95,97,99,96,93,100
Jeffrey Bond
9.25
Seal,25.6,17.6,2.4,14,21.6,22,8.9,3.1,9.9
Events,3,9,7,7,4,0,2,6,3
O2,91,95,99,97,99,93,96,97,95
END
