Stephanie Lawson
03/25/1987
GREEN 14 14
3,193,3,75,17,8,154,170,131,4,4,87,163,16
11,6,9,5,14,2,6,12,0,3,0,118,2,9
14,243,4,5,9,17,3,184,9,12,15,212,106,6
9,13,7,79,215,15,14,2,12,0,140,142,3,1
9,93,2,156,1,3,126,196,10,174,1,170,223,200
17,214,144,3,122,159,15,11,10,178,4,1,14,166
76,246,187,7,13,115,10,210,5,5,11,211,228,5
17,120,1,239,181,0,177,14,8,142,159,2,13,10
2,116,104,12,1,191,2,10,16,8,143,122,14,10
12,229,9,4,4,254,11,2,129,0,75,8,234,7
2,0,7,237,12,14,3,15,13,248,187,16,13,211
15,16,150,8,127,128,10,15,4,96,10,14,13,221
142,1,14,3,246,2,0,1,156,7,2,17,249,3
0,17,177,122,3,15,9,1,9,11,1,239,9,14
RED 14 14
12,3,8,5,13,6,10,5,9,14,77,13,13,8
14,131,7,3,0,9,17,11,146,2,79,10,2,16
13,11,1,1,12,139,4,8,97,2,17,14,0,127
12,4,0,6,3,11,15,115,1,247,10,11,0,11
15,11,10,5,6,6,17,9,10,15,14,0,1,3
0,2,15,4,4,1,6,13,6,2,141,5,17,6
13,10,2,15,163,6,16,5,2,16,1,9,6,1
254,2,3,14,9,8,13,248,81,12,17,243,9,14
8,3,5,78,10,12,9,15,0,5,16,12,2,15
12,2,225,13,5,8,8,3,7,11,0,2,6,15
7,0,110,5,11,1,4,15,156,1,5,17,0,10
17,12,10,3,12,7,122,7,13,4,6,201,145,7
4,1,7,187,3,0,5,4,10,10,9,15,6,93
3,14,0,7,216,10,14,209,15,7,6,1,11,8
END
Kamal Solaiman
10/20/1972
GREEN 8 6
16,10,140,14,12,199,2,0
15,179,107,8,7,10,16,94
17,0,219,14,15,10,174,215
15,9,8,8,10,108,1,1
13,17,106,132,218,9,14,9
2,2,10,6,12,11,14,15
RED 8 6
11,14,12,9,0,9,224,4
8,13,9,141,222,222,17,4
6,5,2,3,107,149,11,8
185,4,14,11,203,4,254,4
84,183,14,8,12,188,12,13
0,4,0,137,13,195,210,135
END
Kyaw Win
07/25/1967
GREEN 9 5
13,0,89,0,138,201,221,209,2
14,13,15,5,4,2,15,1,12
16,12,241,11,0,2,0,9,10
8,13,8,13,14,12,4,156,11
16,186,184,7,2,6,11,6,3
RED 9 5
7,15,0,4,5,5,11,16,9
150,13,2,10,5,2,77,9,3
15,9,2,17,16,11,9,14,2
2,7,17,6,13,15,12,5,17
7,9,4,9,6,4,10,11,6
END
Larissa Webb
07/08/1975
GREEN 6 6
200,6,13,17,16,5
170,3,17,13,12,1
12,1,17,5,12,6
15,15,0,8,0,13
2,17,11,116,12,156
0,13,2,14,5,13
RED 6 6
6,16,7,9,1,6
3,13,242,209,5,9
224,15,3,14,149,11
4,11,0,7,7,12
1,134,225,4,9,12
2,5,193,3,13,85
END
Livia Villarroel
11/20/1963
GREEN 9 8
4,11,4,9,14,17,4,14,4
16,2,6,12,8,5,0,10,3
7,15,11,7,3,0,2,13,3
4,11,11,7,16,3,4,8,12
9,15,1,3,2,3,0,15,7
0,3,9,12,17,17,3,2,0
11,1,13,5,4,11,14,6,11
10,8,10,0,5,7,10,1,5
RED 9 8
166,5,16,240,76,12,7,91,195
6,10,10,10,10,15,82,13,17
15,204,5,165,9,146,79,158,1
246,0,103,2,83,16,152,109,163
169,16,14,214,11,122,5,5,7
14,1,158,114,119,13,17,11,7
169,16,14,8,241,3,87,179,3
108,139,141,215,164,112,0,17,1
END
Francisco Valle
08/14/1964
GREEN 10 10
2,9,5,7,1,16,11,11,9,8
2,2,14,1,5,5,7,15,16,6
10,181,14,10,8,251,0,12,145,15
17,14,8,11,14,16,11,9,6,6
7,4,2,6,6,125,13,1,230,133
9,13,7,9,12,14,8,12,1,3
2,10,5,3,9,3,8,6,4,11
8,4,16,6,9,15,2,7,8,2
14,15,9,0,17,13,17,1,13,13
13,6,204,13,8,13,2,17,7,2
RED 10 10
5,16,0,16,1,13,10,16,7,6
9,0,12,15,11,157,8,7,9,1
6,17,2,6,11,11,11,4,10,6
1,10,5,15,5,15,4,0,4,7
5,251,7,14,8,14,4,5,14,7
10,16,10,2,11,14,6,17,13,12
13,1,113,9,0,11,4,9,15,9
9,6,2,9,17,11,2,7,6,12
5,17,17,15,17,10,11,11,9,2
1,4,8,12,13,2,14,15,11,9
END